
0.00010,
0.00100,0.108,0.00215,0.108,0.00464,0.108,0.01000,0.108,0.02154,0.108,0.04642,0.108,0.10000,0.108,0.21544,0.335,0.46416,0.823,1.00000,0.927,
0.00011,
0.00100,0.108,0.00215,0.108,0.00464,0.108,0.01000,0.108,0.02154,0.108,0.04642,0.108,0.10000,0.130,0.21544,0.595,0.46416,0.876,1.00000,0.938,
0.00012,
0.00100,0.108,0.00215,0.108,0.00464,0.108,0.01000,0.108,0.02154,0.108,0.04642,0.108,0.10000,0.213,0.21544,0.732,0.46416,0.910,1.00000,0.946,
0.00013,
0.00100,0.108,0.00215,0.108,0.00464,0.108,0.01000,0.108,0.02154,0.108,0.04642,0.108,0.10000,0.284,0.21544,0.804,0.46416,0.925,1.00000,0.951,
0.00014,
0.00100,0.108,0.00215,0.108,0.00464,0.108,0.01000,0.108,0.02154,0.108,0.04642,0.118,0.10000,0.522,0.21544,0.863,0.46416,0.934,1.00000,0.959,
0.00015,
0.00100,0.108,0.00215,0.108,0.00464,0.108,0.01000,0.108,0.02154,0.108,0.04642,0.172,0.10000,0.703,0.21544,0.902,0.46416,0.943,1.00000,0.966,
0.00016,
0.00100,0.108,0.00215,0.108,0.00464,0.108,0.01000,0.108,0.02154,0.108,0.04642,0.260,0.10000,0.775,0.21544,0.918,0.46416,0.951,1.00000,0.972,
0.00017,
0.00100,0.108,0.00215,0.108,0.00464,0.108,0.01000,0.108,0.02154,0.108,0.04642,0.424,0.10000,0.844,0.21544,0.931,0.46416,0.957,1.00000,0.975,
0.00018,
0.00100,0.108,0.00215,0.108,0.00464,0.108,0.01000,0.108,0.02154,0.149,0.04642,0.667,0.10000,0.894,0.21544,0.942,0.46416,0.964,1.00000,0.976,
0.00020,
0.00100,0.108,0.00215,0.108,0.00464,0.108,0.01000,0.108,0.02154,0.237,0.04642,0.756,0.10000,0.916,0.21544,0.949,0.46416,0.970,1.00000,0.980,