
0.00001,
0.00316,0.106,0.00477,0.106,0.00720,0.106,0.01086,0.106,0.01638,0.106,0.02471,0.106,0.03728,0.106,0.05623,0.106,0.08483,0.106,0.12798,0.106,
0.00002,
0.00316,0.181,0.00477,0.339,0.00720,0.723,0.01086,0.806,0.01638,0.904,0.02471,0.106,0.03728,0.106,0.05623,0.106,0.08483,0.106,0.12798,0.106,
0.00003,
0.00316,0.106,0.00477,0.106,0.00720,0.106,0.01086,0.106,0.01638,0.194,0.02471,0.380,0.03728,0.740,0.05623,0.832,0.08483,0.909,0.12798,0.933,
0.00004,
0.00316,0.106,0.00477,0.106,0.00720,0.106,0.01086,0.106,0.01638,0.106,0.02471,0.106,0.03728,0.106,0.05623,0.106,0.08483,0.204,0.12798,0.442,
0.00007,
0.00316,0.759,0.00477,0.860,0.00720,0.912,0.01086,0.935,0.01638,0.941,0.02471,0.106,0.03728,0.106,0.05623,0.106,0.08483,0.106,0.12798,0.106,
0.00012,
0.00316,0.106,0.00477,0.108,0.00720,0.216,0.01086,0.497,0.01638,0.766,0.02471,0.876,0.03728,0.917,0.05623,0.938,0.08483,0.941,0.12798,0.950,
0.00019,
0.00316,0.106,0.00477,0.106,0.00720,0.106,0.01086,0.106,0.01638,0.106,0.02471,0.109,0.03728,0.227,0.05623,0.541,0.08483,0.772,0.12798,0.887,
0.00032,
0.00316,0.920,0.00477,0.939,0.00720,0.941,0.01086,0.956,0.01638,0.964,0.02471,0.106,0.03728,0.106,0.05623,0.106,0.08483,0.106,0.12798,0.106,
0.00052,
0.00316,0.225,0.00477,0.538,0.00720,0.775,0.01086,0.889,0.01638,0.922,0.02471,0.941,0.03728,0.944,0.05623,0.959,0.08483,0.967,0.12798,0.971,
0.00085,
0.00316,0.106,0.00477,0.106,0.00720,0.106,0.01086,0.106,0.01638,0.202,0.02471,0.470,0.03728,0.771,0.05623,0.887,0.08483,0.924,0.12798,0.943,