
0.00001,
0.01000,0.105,0.01668,0.105,0.02783,0.105,0.04642,0.105,0.07743,0.105,0.12915,0.105,0.21544,0.203,0.35938,0.552,0.59948,0.793,1.00000,0.902,
0.00002,
0.01000,0.105,0.01668,0.105,0.02783,0.105,0.04642,0.105,0.07743,0.106,0.12915,0.285,0.21544,0.687,0.35938,0.879,0.59948,0.913,1.00000,0.936,
0.00005,
0.01000,0.105,0.01668,0.105,0.02783,0.105,0.04642,0.192,0.07743,0.494,0.12915,0.764,0.21544,0.901,0.35938,0.926,0.59948,0.945,1.00000,0.954,
0.00010,
0.01000,0.105,0.01668,0.105,0.02783,0.207,0.04642,0.630,0.07743,0.844,0.12915,0.912,0.21544,0.936,0.35938,0.951,0.59948,0.965,1.00000,0.970,
0.00022,
0.01000,0.105,0.01668,0.217,0.02783,0.658,0.04642,0.877,0.07743,0.919,0.12915,0.941,0.21544,0.957,0.35938,0.970,0.59948,0.973,1.00000,0.981,
0.00046,
0.01000,0.173,0.01668,0.537,0.02783,0.843,0.04642,0.926,0.07743,0.949,0.12915,0.960,0.21544,0.975,0.35938,0.979,0.59948,0.986,1.00000,0.988,
0.00100,
0.01000,0.134,0.01668,0.484,0.02783,0.881,0.04642,0.941,0.07743,0.955,0.12915,0.967,0.21544,0.978,0.35938,0.985,0.59948,0.990,1.00000,0.991,
0.00215,
0.01000,0.105,0.01668,0.109,0.02783,0.328,0.04642,0.831,0.07743,0.942,0.12915,0.962,0.21544,0.977,0.35938,0.984,0.59948,0.987,1.00000,0.987,
0.00464,
0.01000,0.105,0.01668,0.105,0.02783,0.105,0.04642,0.106,0.07743,0.221,0.12915,0.433,0.21544,0.783,0.35938,0.899,0.59948,0.952,1.00000,0.973,
0.01000,
0.01000,0.105,0.01668,0.105,0.02783,0.105,0.04642,0.105,0.07743,0.105,0.12915,0.105,0.21544,0.107,0.35938,0.162,0.59948,0.340,1.00000,0.800,