
0.00001,
0.01000,0.105,0.01668,0.105,0.02783,0.105,0.04642,0.105,0.07743,0.105,0.12915,0.105,0.21544,0.204,0.35938,0.513,0.59948,0.808,1.00000,0.910,
0.00002,
0.01000,0.105,0.01668,0.105,0.02783,0.105,0.04642,0.105,0.07743,0.154,0.12915,0.307,0.21544,0.717,0.35938,0.867,0.59948,0.921,1.00000,0.937,
0.00005,
0.01000,0.105,0.01668,0.105,0.02783,0.105,0.04642,0.197,0.07743,0.451,0.12915,0.791,0.21544,0.909,0.35938,0.931,0.59948,0.943,1.00000,0.957,
0.00010,
0.01000,0.105,0.01668,0.105,0.02783,0.208,0.04642,0.621,0.07743,0.844,0.12915,0.917,0.21544,0.936,0.35938,0.951,0.59948,0.963,1.00000,0.972,
0.00022,
0.01000,0.105,0.01668,0.226,0.02783,0.672,0.04642,0.866,0.07743,0.925,0.12915,0.943,0.21544,0.957,0.35938,0.968,0.59948,0.977,1.00000,0.983,
0.00046,
0.01000,0.177,0.01668,0.523,0.02783,0.845,0.04642,0.931,0.07743,0.947,0.12915,0.960,0.21544,0.972,0.35938,0.981,0.59948,0.983,1.00000,0.988,
0.00100,
0.01000,0.115,0.01668,0.512,0.02783,0.871,0.04642,0.946,0.07743,0.959,0.12915,0.970,0.21544,0.979,0.35938,0.985,0.59948,0.990,1.00000,0.990,
0.00215,
0.01000,0.105,0.01668,0.106,0.02783,0.335,0.04642,0.794,0.07743,0.942,0.12915,0.960,0.21544,0.973,0.35938,0.981,0.59948,0.988,1.00000,0.991,
0.00464,
0.01000,0.105,0.01668,0.105,0.02783,0.105,0.04642,0.106,0.07743,0.161,0.12915,0.458,0.21544,0.773,0.35938,0.893,0.59948,0.941,1.00000,0.971,
0.01000,
0.01000,0.105,0.01668,0.105,0.02783,0.105,0.04642,0.105,0.07743,0.105,0.12915,0.105,0.21544,0.105,0.35938,0.148,0.59948,0.401,1.00000,0.805,